0 409
2 278097 smithdanielle
1 278097
4
2 8482830 kelly50
2 9007001 carlos49
2 3277461 sheacatherine
1 786644
2 2041516 fyoung
2 2477468 ashleysmith
4
1 4606470
2 3714452 laurenanderson
1 9007001
2 2627545 johnathan50
4
2 1048444 dana77
2 1937781 mdavis
2 5201165 lloydsarah
2 9735287 davidlawson
1 1048444
2 2854378 james51
2 1586061 terriherrera
2 8807434 raymondwhite
4
1 8675489
4
4
2 820746 brownlaura
1 3714452
4
2 4836608 erica18
1 2627545
4
2 5096433 gbarnes
1 3277461
1 8807434
2 5510972 gsanders
2 2275213 samantha77
4
1 3714452
2 2925442 igeorge
2 5412126 bross
2 7310917 hartmanjoseph
2 9048548 maryramirez
2 501532 kmcguire
1 501532
1 5201165
1 5963772
2 4971118 richardsmark
4
1 5412126
2 775082 ocasey
1 5412126
2 7422838 blakecarr
4
1 7360288
4
4
4
2 6210929 jeremyholt
4
1 1286728
4
4
1 7598625
2 6286910 xbradford
1 8482830
1 9075237
4
1 9517288
4
2 6509983 ucook
4
1 3927087
4
2 3816787 dgross
1 7422838
2 2782794 robert83
4
2 2910295 kberg
4
4
4
2 2621554 matthewthompson
4
4
4
2 3823479 charlesmartinez
1 7310917
4
4
2 4475390 matthewreid
4
4
4
2 8998667 mcguiretodd
1 4211233
1 7101548
1 1763533
4
2 2110206 ymiller
2 9007650 qwest
4
4
4
4
1 8438519
1 828686
1 7215536
1 6795194
1 1392767
2 7682264 jason45
2 7248242 crawfordkatherine
1 6793550
2 5134449 james44
1 9735287
4
4
2 6842049 adam68
4
2 4545076 samuelbanks
4
1 9048548
1 386508
4
2 8822284 anitaphillips
4
2 7771011 david43
1 9735287
1 7926018
2 9710392 tguzman
1 9045212
4
4
2 9120439 wrodriguez
1 3661876
2 8495918 jthomas
1 2791231
4
4
1 9735287
1 3440376
1 9710392
4
2 2911508 nathan92
2 929882 traci91
1 9735287
4
2 9934206 alexaward
2 6413402 rodrigueztimothy
2 2842825 brandydiaz
4
1 2939587
2 2849597 hsmith
4
2 1605028 michaelmurray
2 7389351 elowe
1 4707191
1 9735287
2 3686752 xwatkins
4
1 5467460
4
2 9858469 landerson
4
4
1 44267
4
4
1 5419104
2 9814603 jon07
2 3294953 johnny78
1 9934206
4
4
2 7356069 craig30
1 7356069
2 5332963 jeffery23
1 5332963
4
4
2 3807389 nathanielvaldez
4
2 5525629 curtisanthony
2 858636 bingram
2 3344294 timothy61
1 6330653
1 1857517
2 9970129 richard33
1 5334511
2 4879388 bradleyduke
4
2 817953 kimsabrina
2 6768739 stewartjoseph
4
4
1 8468314
1 4879388
4
1 3143795
2 8208712 ysnyder
4
2 4358387 brett15
4
2 1335240 charlottebriggs
4
1 6768739
4
2 4388620 andrewsaaron
4
4
2 6770310 brownkaren
4
4
2 6546307 joseboyd
2 1889674 perezdenise
2 590768 kennethaustin
1 1889674
4
4
2 5630633 hrivera
1 8469410
4
1 4156332
1 9970129
4
1 9970129
2 9909934 danielsantos
1 9909934
1 5168767
4
4
4
2 1834364 jameswilkins
2 2152895 chadmanning
2 3724373 brendapaul
4
4
4
2 445921 henrydiaz
2 5035037 christina02
1 197464
4
2 5729728 schneideralex
1 5729728
1 5035037
1 7591457
4
4
2 4490851 cabreragrace
1 4490851
4
2 3183723 icunningham
1 3183723
1 3183723
4
2 547494 wattstimothy
2 6737376 sandra97
1 8439908
1 547494
2 8603089 pkennedy
1 529098
2 6993030 barbarabaker
2 9958463 sandra48
2 4132373 ihall
1 8603089
1 8491423
4
4
1 8603089
2 6131831 johnsondavid
2 8985730 brandtdeborah
2 8708069 hillheather
1 8985730
4
2 6739719 laura43
4
1 6993030
4
4
4
2 471412 andrew41
4
2 8698257 qtaylor
1 5016143
4
4
2 7096981 kristopher15
4
4
1 6141170
1 9958463
1 9958463
1 9958463
4
2 6237079 hansencathy
1 914761
2 2154658 crystalevans
1 6237079
4
1 9279188
4
2 8977639 hbrown
4
2 3010402 davidturner
4
2 8895916 alice17
2 2905281 aguilarkimberly
1 2905281
4
2 2792606 erin92
2 5249241 richardsonlaura
2 909226 raven53
1 2793332
2 5545172 kmoreno
2 3222900 robin54
1 9719023
1 8895916
1 5545172
4
2 5780566 dereklee
4
1 5545172
1 7480868
1 2679370
2 7556041 joanne60
1 6308822
1 5780566
4
2 8727468 ruizscott
4
1 5290497
1 7556041
2 6955743 shannon86
1 4086487
2 8266339 tommy84
1 5059538
1 8727468
4
4
2 446824 greenlori
1 8727468
2 8664917 riveraanna
1 7147836
4
1 6154041
1 7556041
2 7557653 darren50
1 8727468
1 6955743
1 4906520
4
1 6333279
2 8060021 yolanda05
2 1104138 mooremadeline
4
2 7732335 johnsonjacqueline
1 3043550
4
1 7557653
4
1 888276
4
1 4647431
2 4477396 adrianaparker
2 633093 kingbeth
4
2 3544515 carol17
2 3757606 nhull
4
2 1957525 smithjoan
1 6901304
1 2514609
4
4
1 1775803
4
4
1 8266339
1 6967954
2 9467987 joneshaley
4
2 8360371 qblair
4
1 1247971
2 6184156 george53
4
4
4
2 3969695 jamescathy
4
1 9467987
4
1 9467987
2 7141140 dking
2 7071857 lisahudson
2 9024502 amanda41
4
1 7141140
2 3593955 mary42
4
2 7039769 ruizchristian
4
4
1 3703948
1 6459693
4
2 8228447 nicole35
4
